image_width: 640
image_height: 480
camera_name: test_camera2
camera_matrix:
  rows: 3
  cols: 3
  data: [493.868938, 0.000000, 322.473996, 0.000000, 493.571723, 258.247751, 0.000000, 0.000000, 1.000000]
distortion_model: plumb_bob
distortion_coefficients:
  rows: 1
  cols: 5
  data: [-0.416253, 0.160333, -0.003201, 0.000884, 0.000000]
rectification_matrix:
  rows: 3
  cols: 3
  data: [1.000000, 0.000000, 0.000000, 0.000000, 1.000000, 0.000000, 0.000000, 0.000000, 1.000000]
projection_matrix:
  rows: 3
  cols: 4
  data: [391.664917, 0.000000, 324.516714, 0.000000, 0.000000, 437.837646, 260.859617, 0.000000, 0.000000, 0.000000, 1.000000, 0.000000]
